0.10000000000000001
20000
0.10000000000000001
20000
-18.290795816799999
0.21691376157030001
0.043071312438940003
-0.00057548950930750003
-0.001552077120204
-0.00018768002830299999
0.00011254902709619999
-1.238982763007e-05
4.1635961971810003e-07
0.16402527212099999
-0.1106722014459
0.0089486936249170007
0.0060621417612330003
-0.001210431587568
-4.0528787515839997e-05
2.8759004358949999e-05
-2.6169981396780001e-06
7.5580928491250003e-08
0.033645645091369997
-0.001382158680424
-0.012094805671540001
0.0010759078819279999
0.00082972126358560002
-0.00019070256629619999
1.3388396285699999e-05
-1.171762874107e-07
-1.328404104165e-08
0.0095302255591890005
0.0073487862866280004
-0.00036750194704700002
-0.00081193017283389996
0.0001361661816974
1.1416630416359999e-05
-4.3408027930329999e-06
3.5179718690289998e-07
-9.1708502539809995e-09
-0.0008519413589968
-0.00063430595022939999
0.0010396433906860001
8.9110368760680001e-06
-0.0001008928628425
1.775681984457e-05
-7.0035219173849997e-07
-4.928692832866e-08
3.208853883734e-09
-0.0012475838609430001
-0.00019195694503799999
-0.00015538407179020001
3.1753889498110001e-05
1.080693990468e-05
-3.149286923815e-06
2.318308730487e-07
1.756388998863e-10
-3.9527407589499999e-10
0.00030143075457160002
4.0750193517379998e-05
2.670827249272e-06
-4.5151236417550001e-06
5.1060594135910003e-07
3.1054915547490001e-08
-6.0309835382799998e-09
-1.446756795654e-10
2.739558475782e-11
-2.4993231700439999e-05
-2.8500449830090002e-06
7.6953005979350003e-07
2.187439283954e-07
-1.299275586093e-07
2.2743940890169998e-08
-1.755944926274e-09
7.1431831382809994e-11
-1.693040208927e-12
6.9326272377649996e-07
6.9668224004460003e-08
-3.7833022815240001e-08
-2.9112339518800001e-09
5.1171330502900002e-09
-1.130988250912e-09
1.0051891872790001e-10
-3.9898841056029999e-12
6.3882199301670006e-14