1.0000e-02 4.1420e-15
2.0000e-02 4.1670e-15
4.0000e-02 4.1110e-15
8.0000e-02 3.9990e-15
1.6000e-01 3.7500e-15
3.2000e-01 3.3100e-15
5.8200e-01 2.8030e-15
1.0000e+00 2.2730e-15
2.0000e+00 1.7040e-15
3.0000e+00 1.4050e-15
3.4230e+00 1.3260e-15
5.0000e+00 1.0610e-15
8.7040e+00 7.2530e-16
1.0000e+01 6.3930e-16
1.0210e+01 6.2360e-16
1.0220e+01 6.2420e-16
1.0240e+01 6.1770e-16
1.0280e+01 6.1410e-16
1.0360e+01 6.0880e-16
1.0520e+01 6.0210e-16
1.0800e+01 5.8580e-16
1.2000e+01 5.2310e-16
1.2110e+01 5.1950e-16
1.2120e+01 5.1860e-16
1.2140e+01 5.1830e-16
1.2180e+01 5.1530e-16
1.2260e+01 5.1360e-16
1.2420e+01 5.0520e-16
1.2700e+01 4.9680e-16
1.2765e+01 4.9030e-16
1.2775e+01 4.9090e-16
1.2795e+01 4.8950e-16
1.2835e+01 4.8840e-16
1.2915e+01 4.8360e-16
1.3075e+01 4.8110e-16
1.3300e+01 4.6960e-16
1.3500e+01 4.6600e-16
1.4000e+01 4.4410e-16
1.4500e+01 4.2820e-16
1.5000e+01 4.1440e-16
1.5500e+01 3.9930e-16
1.6000e+01 3.8420e-16
1.7000e+01 3.5730e-16
1.8000e+01 3.3410e-16
2.0000e+01 2.9540e-16
2.5000e+01 2.2600e-16
3.0000e+01 1.7940e-16
3.5000e+01 1.4760e-16
4.0000e+01 1.2470e-16
4.5000e+01 1.0700e-16
5.0000e+01 9.3890e-17
6.0000e+01 7.4210e-17
8.0000e+01 5.1640e-17
1.0000e+02 3.9120e-17
1.5000e+02 2.3670e-17
2.0000e+02 1.6720e-17
5.0000e+02 6.0070e-18
1.0000e+03 2.9010e-18