0.1
.382502E+01 -.130512E+01 -.212637E+01 -.201708E+00 .897624E+00 .154983E+00 .591226E-02
-.326866E+00 -.408306E+00 -.435187E-01 .998066E-01 .576782E-02
.105758E+01 .163258E+00 -.265685E+00
0.1259
.372125E+01 -.125779E+01 -.210792E+01 -.807191E-01 .893768E+00 .983539E-01
-.318746E+00 -.409829E+00 -.341021E-01 .936083E-01 -.158389E-03
.108100E+01 .206710E+00 -.387037E+00
0.1585
.362146E+01 -.145995E+01 -.189689E+01 .115360E-01 .790261E+00 .587043E-01 -.260024E-02
-.366496E+00 -.385856E+00 -.273822E-01 .783377E-01 -.274771E-02
.104088E+01 .176697E+00 -.259647E+00 
0.1995
.353245E+01 -.168282E+01 -.130590E+01 .269399E+00 .463499E+00 -.489371E-03 -.488414E-02
-.372910E+00 -.322754E+00 -.951498E-02 .403341E-01 -.504433E-02 
.104257E+01 .123257E+00 -.178303E+00
0.2512
.346672E+01 -.164008E+01 -.112745E+01 .127179E+00 .368650E+00 -.604604E-02 -.433119E-02
-.375127E+00 -.314595E+00 -.304821E-01 .306946E-01 -.450001E-02
.104378E+01 .149254E+00 -.253999E+00
0.3162
.346338E+01 -.152772E+01 -.116599E+01 .172956E+00 .316902E+00 .291496E-01 
-.319918E+00 -.334338E+00 -.357485E-01 .227849E-01 -.220441E-03
.109207E+01 .142516E+00 -.315868E+00
0.3981
.339571E+01 -.153550E+01 -.109164E+01 .208023E+00 297738E+00 .272364E-01
-.325218E+00 -.323750E+00 -.305458E-01 -211428E-01 -.208887E-03
.107057E+01 .101513E+00 -.208143E+00
0.5012
.328678E+01 -.178322E+01 -.730074E+00 .237247E+00 .515624E-01 -.107944E+00 -.108282E-01 
-.422376E+00 -.283233E+00 -.252525E-01 -.267949E-02 -.109906E-01
.103993E+01 .169205E+00 -.281752E+00
0.631
.326592E+01 -.214863E+01 -.658809E+00 .865229E+00 .596188E+00 .488134E-01
-.420586E+00 -.199670E+00 .619818E-01 .476904E-01
.102408E+01 .114920E+00 -.197774E+00 
0.7943
.306473E+01 -.168967E+01 -.391441E+00 .173342E+00 -.459324E-01 -.769436E-01 -.673635E-02
-.383902E+00 -.272014E+00 -.441289E-01 -.121626E-01 -.694178E-02
.104211E+01 .139312E+00 -.247446E+00
1.0
.308582E+01 -.159416E+01 -.779646E+00 .204215E+00 .182414E+00 .236216E-01 .828015E-03
-.333178E+00 -.318739E+00 -.447267E-01 .780099E-02 .586719E-03
.106833E+01 .863989E-01 -.204331E+00
1.259
.290349E+01 -.174420E+01 -.724719E-01 .161211E+00 -.200841E+00 -.113679E+00 -.863299E-02
-.403670E+00 -.250681E+00 -.493586E-01 -.258080E-01 -.883934E-02
.104430E+01 .169182E+00 -.308572E+00
1.585
.275346E+01 -.188022E+01 .370047E+00 .137704E+00 -.403671E+00 -.177459E+00 -.126812E-01
-.457445E+00 -.207481E+00 -.500000E-01 -.424779E-01 -.128533E-01
.103327E+01 .192528E+00 -.339624E+00
1.995
.276842E+01 -.167903E+01 .284125E-01 .120526E-02 -.278031E+00 -.117871E+00 -.828035E-02
-.438042E+00 -.245814E+00 -.603737E-01 -.298699E-01 -.845334E-02
.101129E+01 .613131E-01 -.989623E-01
2.512
.272251E+01 -.140070E+01 -.448433E+00 -.242599E-01 .166590E-01 .143765E-02
-.351732E+00 -.308937E+00 -.700519E-01 -.539374E-02 -.233669E-03
.104038E+01 .751006E-01 -.111783E+00
3.162
.254397E+01 -.159931E+01 -.212618E+00 -.381647E-01 -.288224E-02
-.452935E+00 -.269105E+00 -.494112E-01 -.242880E-02
.101286E+01 .782203E-01 -.142274E-02
3.981
.239527E+01 -.183297E+01 .337722E-01 .291104E+00 -.891455E-02 -.267830E-01 -.204014E-02
-.405600E+00 -.265497E+00 -.449059E-01 -.922382E-02 -.226074E-02
.101480E+01 -.198854E-01 .117362E+00
5.012
.217471E+01 -.224229E+01 .208207E+00 .693179E+00 .154460E+00 -.325013E-02 -.962002E-03
-.431274E+00 -.243012E+00 -.110691E-01 .204465E-02 -.117340E-02
.997633E+00 -.397485E-01 .241686E+00
6.31
.190470E+01 -.256339E+01 .516598E+00 .979357E+00 .231313E+00 .411229E-02 -.716620E-03
-.462045E+00 -.209263E+00 .133976E-01 .707453E-02 -.907165E-03 
.971596E+00 -.368511E-01 .306639E+00
7.943
.170842E+01 -.394462E+01 .306422E+01 .866456E+00 -.805141E+00 -.330338E+00 -.212123E-01
-.100922E+01 .164865E+00 .933507E-01 -.571969E-01 -.202838E-01 
.934246E+00 .177391E-01 -.905423E-01
10.0
.123199E+01 -.264465E+01 .260141E+01 .752652E+00 -.771812E+00 -.315180E+00 -.199778E-01
-.480282E+00 -.271909E-01 -.784739E-01 -.887183E-01 -.214540E-01
.932599E+00 .270381E-02 -.199101E-01
12.59
.907734E+00 -.245785E+01 .161375E+01 .977667E+00 -.651456E-02 -.513611E-01 -.360689E-02
-.483706E+00 -.142374E+00 .255457E-02 -.114895E-01 -.379813E-02
.950767E+00 .422354E-01 .579133E-01
15.85
.503590E+00 -.189887E+01 .192806E+01 .755870E+00 -.440368E+00 -.185023E+00 -.114758E-01
-.275852E+00 -.231177E+00 -.101763E+00 -.559648E-01 -.119507E-01
.946624E+00 -.147117E-01 .267204E+00
19.95
.215380E+00 -.212297E+01 .197463E+01 .835551E+00 -.904459E-01 -.569331E-01 -.353824E-02
-.470119E+00 -.148516E+00 -.189701E-01 -.174414E-01 -.375823E-02
.945723E+00 .852989E-01 -.885183E-01
25.12
-.129647E+00 -.180829E+01 .219603E+01 .613371E+00 -.223374E+00 -.782043E-01 -.445893E-02
-.475994E+00 -.147213E+00 -.382219E-01 -.259468E-01 -.467444E-02
.952094E+00 .102347E+00 -.138136E+00
31.62
-.413991E+00 -.158055E+01 .209050E+01 .595655E+00 -.163617E+00 -.576941E-01 -.321491E-02
-.439276E+00 -.180926E+00 -.476955E-01 -.221302E-01 -.347357E-02
.955272E+00 .143002E+00 -.271490E+00
39.81
-.693623E+00 -.139118E+01 .201528E+01 .588403E+00 -.107213E+00 -.399384E-01 -.219014E-02
-.418012E+00 -.204134E+00 -.528538E-01 -.183370E-01 -.246931E-02
.982029E+00 .164956E+00 -.415774E+00
50.12
-.966220E+00 -.130623E+01 .191377E+01 .684409E+00 -.984818E-02 -.181818E-01 -.106674E-02
-.392943E+00 -.229540E+00 -.521076E-01 .125002E-01 -.138076E-02
.101605E+01 .185047E+00 -.630338E+00
63.1
-.775027E+00 -.100208E+01 .161988E+01 .122129E+00
-.703286E+00 -.938172E-01 -.141263E-01
.106364E+01 .411001E+00 -.773615E+00
79.43
-.105923E+01 -.760920E+00 .160606E+01 .118935E+00
-.701880E+00 -.988476E-01 -.136863E-01
.115639E+01 .479427E+00 -.106866E+01
100.0
-.135966E+01 -.570978E+00 .165736E+01 .122502E+00
-.708533E+00 -.946951E-01 -.124765E-01
.123750E+01 .611162E+00 -.148475E+01