0.1 
0.461952E+01 -0.945908E+00 -0.528337E+00 -0.593195E+00 -.424272E-01
-.240216E+00 -.158865E+00 -.620930E-01 -.948671E-03
.107358E+01 .145464E+00 -.219962E+00
0.1259
.443357E+01 .221528E+00 518007E-01 -.253708E+00 .173909E-01 .273252E-02
-.505187E-02 -.699321E-01 -.328470E-01 .201814E-02
.113236E+01 -.615274E-02 -.114924E+00
0.1585
.449937E+01 -.143348E+01 -.438038E+00 -.127963E+00 .126174E+00 .993140E-02
-.296822E+00 -.150118E+00 -.267352E-01 .905086E-02
.104576E+01 .531376E-01 -.817874E-01
0.1995
.446376E+01 .663412E+00 .938465E-01 -.640692E+00 -.472280E-01
.140517E-01 -.368508E-01 -.512154E-01
.109366E+01 .132095E+00 -.624706E+00
0.2512
.415032E+01 -.874500E+00 .158693E+00 -.561992E-01 .161415E-01 .159846E-02
-.181507E+00 -.110498E+00 -.278535E-01 .418770E-03
.112488E+01 .367652E-01 -.236465E+00
0.3162
.426241E+01 -.937052E+00 -.208830E+00 -.100116E+00 .460178E-01 .388553E-02
-.205716E+00 -.137844E+00 -.285663E-01 .275644E-02
.113247E+01 .619831E-01 -.306204E+00
0.3981
.427317E+01 -.226140E+01 -.367460E-01 .564829E+00 .266976E+00 .165070E-01
-.337305E+00 -.108985E+00 .224312E-01 .156672E-01
.106013E+01 .331144E-01 -.121523E+00
0.5012
.405841E+01 -.161636E+01 -.179348E+00 .176198E+00 .187336E+00 .125301E-01
-.328792E+00 -.142266E+00 -.771918E-02 .115620E-01
.103513E+01 -.300263E-01 .686383E-01
0.316
.426003E+01 -.276468E+01 -.503844E+00 .458790E+00 .298071E+00 .189918E-01
-.479947E+00 -.167644E+00 .148169E-01 .181426E-01
.103782E+01 .635065E-01 -.140305E+00
0.7943
.401458E+01 -.231274E+01 -.140547E+00 .538539E+00 .251422E+00 .152114E-01
-.397948E+00 -.142274E+00 .169618E-01 .142214E-01 
.104751E+01 -.473576E-02 -.467629E-01
1.0
.400548E+01 -.187344E+01 -.212733E+00 .830969E-01 .713412E-01
-.374592E+00 -.172528E+00 -.202153E-01 .329837E-02
.116289E+01 -.450650E-01 -.190957E+00 
1.259
.387788E+01 -.184672E+01 -.336572E+00 .712623E-01 .756302E-01 .492492E-02
-.387599E+00 -.194210E+00 -.227540E-01 .347411E-02 
.108122E+01 .390286E-01 -.399301E-01
1.585
.379825E+01 -.210448E+01 -.270876E+00 .322743E+00 .152244E+00
-.404327E+00 -.184327E+00 -.472576E-02 .761634E-02
.106363E+01 .201327E-01 .105820E-01
1.995
.372105E+01 -.198344E+01 -.390308E+00 .477199E-02 .270574E-01
-.421178E+00 -.225438E+00 -.329076E-01
.114580E+01 .217087E+00 -.549478E+00 
2.512
.344954E+01 -.266489E+01 -.336576E+00 .550420E+00 .196655E+00 .108236E-01
-.437288E+00 -.251825E+00 -.172952E-01 .551849E-02 -.192451E-03
.948024E+00 -.698458E-01 .505896E+00
3.162
.313901E+01 -.274618E+01 .967512E-01 .868473E+00 .244365E+00 .126216E-01
-.395889E+00 -.221126E+00 -.136226E-02 .679005E-02 -.219287E-03
.959765E+00 -.282316E-01 .409167E+00
3.981
.284952E+01 -.296439E+01 .478652E+00 .104971E+01 .277722E+00 .141361E-01
-.426691E+00 -.181057E+00 .159736E-01 .928693E-02 -.174289E-03
.919803E+00 .299212E-01 .389366E+00
5.012
.254498E+01 -.290270E+01 .759661E+00 .121272E+01 .296866E+00 .146294E-01
6.31
.227413E+01 -.260884E+01 .839047E+00 .108250E+01 .237338E+00 .112159E-01
-.356906E+00 -.185852E+00 .314814E-02 .473644E-02 -.249228E-03
.927139E+00 .832674E-01 .106364E+00
7.943
.203168E+01 -.243511E+01 .905293E+00 .103562E+01 .208025E+00 .940545E-02
-.330379E+00 -.201903E+00 -.848013E-02 .198047E-02 -.292449E-03
.941637E+00 .101121E+00 -.451119E-01
10.0
.176465E+01 -.283302E+01 .150921E+01 .123488E+01 .246557E+00 .113259E-01
-.456830E+00 -.931132E-01 .409176E-01 .965912E-02
.100013E+01 .146536E+00 -.436357E+00
12.59
.177582E+01 -.278829E+01 .145808E+01 .115209E+01 .223084E+00 .100572E-01
-.461853E+00 -.102107E+00 .343732E-01 .834694E-02
.993032E+00 .141477E+00 -.797085E+00
15.85
.128568E+01 -.238430E+01 .151337E+01 .884768E+00 .131878E+00 .531056E-02
-.459803E+00 -.130242E+00 .111988E-01 .326071E-02
.111381E+01 .220709E+00 -.881101E+00
19.95
.127782E+01 -.241184E+01 .153469E+01 .913530E+00 .139292E+00 .565266E-02
-.460244E+00 -.127539E+00 .130923E-01 .362748E-02
.104249E+01 .232638E+00 -.121132E+01
25.12
.156162E+01 -.251317E+01 .141647E+01 .944174E+00 .160285E+00 .677930E-02
-.459112E+00 -.124550E+00 .171422E-01 .487926E-02
.864212E+00 .242345E+00 -.100000E+01
31.62
.127559E+01 -.242108E+01 .153440E+01 .915157E+00 .139829E+00 .562928E-02 
-.461741E+00 -.128277E+00 .128043E-01 .362063E-02
.909058E+00 .255917E+00 -.100000E+01
39.81
.127654E+01 -.241889E+01 .153192E+01 .910182E+00 .138676E+00 .556407E-02
-.462337E+00 -.128536E+00 .124621E-01 .356356E-02
.831855E+00 .276414E+00 -.105000E+01
50.12
-.329808E+00 -.192627E+01 .163057E+01 .100036E+01 .150500E+00 .571699E-02
-370078E+00 -.255270E+00 -.391744E-01 -.392856E-02 -.389621E-03
.797268E+00 .137474E+00 .417295E+00
63.1
-.824004E+00 -.185953E+01 .188343E+01 .111129E+01 .165978E+00 .622297E-02
-.354724E+00 -.253329E+00 -.392163E-01 -.414846E-02 -.431635E-03
.746361E+00 .250668E+00 .118364E+00
79.43
-.819321E+00 -.184594E+01 .187339E+01 .109663E+01 .162644E+00 .603575E-02
-.355271E+00 -.254357E+00 -.401245E-01 -.428545E-02 -.431411E-03
.719913E+00 .239425E+00 -.785121E+00
100
.107992E+01 -.222811E+01 .143362E+01 .760976E+00 .100784E+00 .373306E-02
-.468808E+00 -.154417E+00 -.220715E-03 .154677E-02
.642412E+00 .365705E+00 -.960000E+00